20 0 21
20 0 8 1 22
20 0 9 1 22
20 0 8 1 23
20 0 9 1 23
21 0 20
21 0 8 1 22
21 0 9 1 22
21 0 8 1 23
21 0 9 1 23
22 1 8 0 20
22 1 9 0 20
22 1 8 0 21
22 1 9 0 21
22 1 23
23 1 8 0 20
23 1 9 0 20
23 1 8 0 21
23 1 9 0 21
23 1 22
24 2 25
24 2 10 3 26
24 2 11 3 26
24 2 10 3 27
24 2 11 3 27
25 2 24
25 2 10 3 26
25 2 11 3 26
25 2 10 3 27
25 2 11 3 27
26 3 10 2 24
26 3 11 2 24
26 3 10 2 25
26 3 11 2 25
26 3 27
27 3 10 2 24
27 3 11 2 24
27 3 10 2 25
27 3 11 2 25
27 3 26
28 4 29
28 4 12 5 30
28 4 13 5 30
28 4 12 5 31
28 4 13 5 31
29 4 28
29 4 12 5 30
29 4 13 5 30
29 4 12 5 31
29 4 13 5 31
30 5 12 4 28
30 5 13 4 28
30 5 12 4 29
30 5 13 4 29
30 5 31
31 5 12 4 28
31 5 13 4 28
31 5 12 4 29
31 5 13 4 29
31 5 30
32 6 33
32 6 14 7 34
32 6 15 7 34
32 6 14 7 35
32 6 15 7 35
33 6 32
33 6 14 7 34
33 6 15 7 34
33 6 14 7 35
33 6 15 7 35
34 7 14 6 32
34 7 15 6 32
34 7 14 6 33
34 7 15 6 33
34 7 35
35 7 14 6 32
35 7 15 6 32
35 7 14 6 33
35 7 15 6 33
35 7 34
20 0 8 16 10 2 24
20 0 8 17 10 2 24
20 0 9 18 11 2 24
20 0 9 19 11 2 24
20 0 8 16 10 2 25
20 0 8 17 10 2 25
20 0 9 18 11 2 25
20 0 9 19 11 2 25
20 0 8 16 10 3 26
20 0 8 17 10 3 26
20 0 9 18 11 3 26
20 0 9 19 11 3 26
20 0 8 16 10 3 27
20 0 8 17 10 3 27
20 0 9 18 11 3 27
20 0 9 19 11 3 27
21 0 8 16 10 2 24
21 0 8 17 10 2 24
21 0 9 18 11 2 24
21 0 9 19 11 2 24
21 0 8 16 10 2 25
21 0 8 17 10 2 25
21 0 9 18 11 2 25
21 0 9 19 11 2 25
21 0 8 16 10 3 26
21 0 8 17 10 3 26
21 0 9 18 11 3 26
21 0 9 19 11 3 26
21 0 8 16 10 3 27
21 0 8 17 10 3 27
21 0 9 18 11 3 27
21 0 9 19 11 3 27
22 1 8 16 10 2 24
22 1 8 17 10 2 24
22 1 9 18 11 2 24
22 1 9 19 11 2 24
22 1 8 16 10 2 25
22 1 8 17 10 2 25
22 1 9 18 11 2 25
22 1 9 19 11 2 25
22 1 8 16 10 3 26
22 1 8 17 10 3 26
22 1 9 18 11 3 26
22 1 9 19 11 3 26
22 1 8 16 10 3 27
22 1 8 17 10 3 27
22 1 9 18 11 3 27
22 1 9 19 11 3 27
23 1 8 16 10 2 24
23 1 8 17 10 2 24
23 1 9 18 11 2 24
23 1 9 19 11 2 24
23 1 8 16 10 2 25
23 1 8 17 10 2 25
23 1 9 18 11 2 25
23 1 9 19 11 2 25
23 1 8 16 10 3 26
23 1 8 17 10 3 26
23 1 9 18 11 3 26
23 1 9 19 11 3 26
23 1 8 16 10 3 27
23 1 8 17 10 3 27
23 1 9 18 11 3 27
23 1 9 19 11 3 27
20 0 8 16 12 4 28
20 0 8 17 12 4 28
20 0 9 18 13 4 28
20 0 9 19 13 4 28
20 0 8 16 12 4 29
20 0 8 17 12 4 29
20 0 9 18 13 4 29
20 0 9 19 13 4 29
20 0 8 16 12 5 30
20 0 8 17 12 5 30
20 0 9 18 13 5 30
20 0 9 19 13 5 30
20 0 8 16 12 5 31
20 0 8 17 12 5 31
20 0 9 18 13 5 31
20 0 9 19 13 5 31
21 0 8 16 12 4 28
21 0 8 17 12 4 28
21 0 9 18 13 4 28
21 0 9 19 13 4 28
21 0 8 16 12 4 29
21 0 8 17 12 4 29
21 0 9 18 13 4 29
21 0 9 19 13 4 29
21 0 8 16 12 5 30
21 0 8 17 12 5 30
21 0 9 18 13 5 30
21 0 9 19 13 5 30
21 0 8 16 12 5 31
21 0 8 17 12 5 31
21 0 9 18 13 5 31
21 0 9 19 13 5 31
22 1 8 16 12 4 28
22 1 8 17 12 4 28
22 1 9 18 13 4 28
22 1 9 19 13 4 28
22 1 8 16 12 4 29
22 1 8 17 12 4 29
22 1 9 18 13 4 29
22 1 9 19 13 4 29
22 1 8 16 12 5 30
22 1 8 17 12 5 30
22 1 9 18 13 5 30
22 1 9 19 13 5 30
22 1 8 16 12 5 31
22 1 8 17 12 5 31
22 1 9 18 13 5 31
22 1 9 19 13 5 31
23 1 8 16 12 4 28
23 1 8 17 12 4 28
23 1 9 18 13 4 28
23 1 9 19 13 4 28
23 1 8 16 12 4 29
23 1 8 17 12 4 29
23 1 9 18 13 4 29
23 1 9 19 13 4 29
23 1 8 16 12 5 30
23 1 8 17 12 5 30
23 1 9 18 13 5 30
23 1 9 19 13 5 30
23 1 8 16 12 5 31
23 1 8 17 12 5 31
23 1 9 18 13 5 31
23 1 9 19 13 5 31
20 0 8 16 14 6 32
20 0 8 17 14 6 32
20 0 9 18 15 6 32
20 0 9 19 15 6 32
20 0 8 16 14 6 33
20 0 8 17 14 6 33
20 0 9 18 15 6 33
20 0 9 19 15 6 33
20 0 8 16 14 7 34
20 0 8 17 14 7 34
20 0 9 18 15 7 34
20 0 9 19 15 7 34
20 0 8 16 14 7 35
20 0 8 17 14 7 35
20 0 9 18 15 7 35
20 0 9 19 15 7 35
21 0 8 16 14 6 32
21 0 8 17 14 6 32
21 0 9 18 15 6 32
21 0 9 19 15 6 32
21 0 8 16 14 6 33
21 0 8 17 14 6 33
21 0 9 18 15 6 33
21 0 9 19 15 6 33
21 0 8 16 14 7 34
21 0 8 17 14 7 34
21 0 9 18 15 7 34
21 0 9 19 15 7 34
21 0 8 16 14 7 35
21 0 8 17 14 7 35
21 0 9 18 15 7 35
21 0 9 19 15 7 35
22 1 8 16 14 6 32
22 1 8 17 14 6 32
22 1 9 18 15 6 32
22 1 9 19 15 6 32
22 1 8 16 14 6 33
22 1 8 17 14 6 33
22 1 9 18 15 6 33
22 1 9 19 15 6 33
22 1 8 16 14 7 34
22 1 8 17 14 7 34
22 1 9 18 15 7 34
22 1 9 19 15 7 34
22 1 8 16 14 7 35
22 1 8 17 14 7 35
22 1 9 18 15 7 35
22 1 9 19 15 7 35
23 1 8 16 14 6 32
23 1 8 17 14 6 32
23 1 9 18 15 6 32
23 1 9 19 15 6 32
23 1 8 16 14 6 33
23 1 8 17 14 6 33
23 1 9 18 15 6 33
23 1 9 19 15 6 33
23 1 8 16 14 7 34
23 1 8 17 14 7 34
23 1 9 18 15 7 34
23 1 9 19 15 7 34
23 1 8 16 14 7 35
23 1 8 17 14 7 35
23 1 9 18 15 7 35
23 1 9 19 15 7 35
24 2 10 16 8 0 20
24 2 10 17 8 0 20
24 2 11 18 9 0 20
24 2 11 19 9 0 20
24 2 10 16 8 0 21
24 2 10 17 8 0 21
24 2 11 18 9 0 21
24 2 11 19 9 0 21
24 2 10 16 8 1 22
24 2 10 17 8 1 22
24 2 11 18 9 1 22
24 2 11 19 9 1 22
24 2 10 16 8 1 23
24 2 10 17 8 1 23
24 2 11 18 9 1 23
24 2 11 19 9 1 23
25 2 10 16 8 0 20
25 2 10 17 8 0 20
25 2 11 18 9 0 20
25 2 11 19 9 0 20
25 2 10 16 8 0 21
25 2 10 17 8 0 21
25 2 11 18 9 0 21
25 2 11 19 9 0 21
25 2 10 16 8 1 22
25 2 10 17 8 1 22
25 2 11 18 9 1 22
25 2 11 19 9 1 22
25 2 10 16 8 1 23
25 2 10 17 8 1 23
25 2 11 18 9 1 23
25 2 11 19 9 1 23
26 3 10 16 8 0 20
26 3 10 17 8 0 20
26 3 11 18 9 0 20
26 3 11 19 9 0 20
26 3 10 16 8 0 21
26 3 10 17 8 0 21
26 3 11 18 9 0 21
26 3 11 19 9 0 21
26 3 10 16 8 1 22
26 3 10 17 8 1 22
26 3 11 18 9 1 22
26 3 11 19 9 1 22
26 3 10 16 8 1 23
26 3 10 17 8 1 23
26 3 11 18 9 1 23
26 3 11 19 9 1 23
27 3 10 16 8 0 20
27 3 10 17 8 0 20
27 3 11 18 9 0 20
27 3 11 19 9 0 20
27 3 10 16 8 0 21
27 3 10 17 8 0 21
27 3 11 18 9 0 21
27 3 11 19 9 0 21
27 3 10 16 8 1 22
27 3 10 17 8 1 22
27 3 11 18 9 1 22
27 3 11 19 9 1 22
27 3 10 16 8 1 23
27 3 10 17 8 1 23
27 3 11 18 9 1 23
27 3 11 19 9 1 23
24 2 10 16 12 4 28
24 2 10 17 12 4 28
24 2 11 18 13 4 28
24 2 11 19 13 4 28
24 2 10 16 12 4 29
24 2 10 17 12 4 29
24 2 11 18 13 4 29
24 2 11 19 13 4 29
24 2 10 16 12 5 30
24 2 10 17 12 5 30
24 2 11 18 13 5 30
24 2 11 19 13 5 30
24 2 10 16 12 5 31
24 2 10 17 12 5 31
24 2 11 18 13 5 31
24 2 11 19 13 5 31
25 2 10 16 12 4 28
25 2 10 17 12 4 28
25 2 11 18 13 4 28
25 2 11 19 13 4 28
25 2 10 16 12 4 29
25 2 10 17 12 4 29
25 2 11 18 13 4 29
25 2 11 19 13 4 29
25 2 10 16 12 5 30
25 2 10 17 12 5 30
25 2 11 18 13 5 30
25 2 11 19 13 5 30
25 2 10 16 12 5 31
25 2 10 17 12 5 31
25 2 11 18 13 5 31
25 2 11 19 13 5 31
26 3 10 16 12 4 28
26 3 10 17 12 4 28
26 3 11 18 13 4 28
26 3 11 19 13 4 28
26 3 10 16 12 4 29
26 3 10 17 12 4 29
26 3 11 18 13 4 29
26 3 11 19 13 4 29
26 3 10 16 12 5 30
26 3 10 17 12 5 30
26 3 11 18 13 5 30
26 3 11 19 13 5 30
26 3 10 16 12 5 31
26 3 10 17 12 5 31
26 3 11 18 13 5 31
26 3 11 19 13 5 31
27 3 10 16 12 4 28
27 3 10 17 12 4 28
27 3 11 18 13 4 28
27 3 11 19 13 4 28
27 3 10 16 12 4 29
27 3 10 17 12 4 29
27 3 11 18 13 4 29
27 3 11 19 13 4 29
27 3 10 16 12 5 30
27 3 10 17 12 5 30
27 3 11 18 13 5 30
27 3 11 19 13 5 30
27 3 10 16 12 5 31
27 3 10 17 12 5 31
27 3 11 18 13 5 31
27 3 11 19 13 5 31
24 2 10 16 14 6 32
24 2 10 17 14 6 32
24 2 11 18 15 6 32
24 2 11 19 15 6 32
24 2 10 16 14 6 33
24 2 10 17 14 6 33
24 2 11 18 15 6 33
24 2 11 19 15 6 33
24 2 10 16 14 7 34
24 2 10 17 14 7 34
24 2 11 18 15 7 34
24 2 11 19 15 7 34
24 2 10 16 14 7 35
24 2 10 17 14 7 35
24 2 11 18 15 7 35
24 2 11 19 15 7 35
25 2 10 16 14 6 32
25 2 10 17 14 6 32
25 2 11 18 15 6 32
25 2 11 19 15 6 32
25 2 10 16 14 6 33
25 2 10 17 14 6 33
25 2 11 18 15 6 33
25 2 11 19 15 6 33
25 2 10 16 14 7 34
25 2 10 17 14 7 34
25 2 11 18 15 7 34
25 2 11 19 15 7 34
25 2 10 16 14 7 35
25 2 10 17 14 7 35
25 2 11 18 15 7 35
25 2 11 19 15 7 35
26 3 10 16 14 6 32
26 3 10 17 14 6 32
26 3 11 18 15 6 32
26 3 11 19 15 6 32
26 3 10 16 14 6 33
26 3 10 17 14 6 33
26 3 11 18 15 6 33
26 3 11 19 15 6 33
26 3 10 16 14 7 34
26 3 10 17 14 7 34
26 3 11 18 15 7 34
26 3 11 19 15 7 34
26 3 10 16 14 7 35
26 3 10 17 14 7 35
26 3 11 18 15 7 35
26 3 11 19 15 7 35
27 3 10 16 14 6 32
27 3 10 17 14 6 32
27 3 11 18 15 6 32
27 3 11 19 15 6 32
27 3 10 16 14 6 33
27 3 10 17 14 6 33
27 3 11 18 15 6 33
27 3 11 19 15 6 33
27 3 10 16 14 7 34
27 3 10 17 14 7 34
27 3 11 18 15 7 34
27 3 11 19 15 7 34
27 3 10 16 14 7 35
27 3 10 17 14 7 35
27 3 11 18 15 7 35
27 3 11 19 15 7 35
28 4 12 16 8 0 20
28 4 12 17 8 0 20
28 4 13 18 9 0 20
28 4 13 19 9 0 20
28 4 12 16 8 0 21
28 4 12 17 8 0 21
28 4 13 18 9 0 21
28 4 13 19 9 0 21
28 4 12 16 8 1 22
28 4 12 17 8 1 22
28 4 13 18 9 1 22
28 4 13 19 9 1 22
28 4 12 16 8 1 23
28 4 12 17 8 1 23
28 4 13 18 9 1 23
28 4 13 19 9 1 23
29 4 12 16 8 0 20
29 4 12 17 8 0 20
29 4 13 18 9 0 20
29 4 13 19 9 0 20
29 4 12 16 8 0 21
29 4 12 17 8 0 21
29 4 13 18 9 0 21
29 4 13 19 9 0 21
29 4 12 16 8 1 22
29 4 12 17 8 1 22
29 4 13 18 9 1 22
29 4 13 19 9 1 22
29 4 12 16 8 1 23
29 4 12 17 8 1 23
29 4 13 18 9 1 23
29 4 13 19 9 1 23
30 5 12 16 8 0 20
30 5 12 17 8 0 20
30 5 13 18 9 0 20
30 5 13 19 9 0 20
30 5 12 16 8 0 21
30 5 12 17 8 0 21
30 5 13 18 9 0 21
30 5 13 19 9 0 21
30 5 12 16 8 1 22
30 5 12 17 8 1 22
30 5 13 18 9 1 22
30 5 13 19 9 1 22
30 5 12 16 8 1 23
30 5 12 17 8 1 23
30 5 13 18 9 1 23
30 5 13 19 9 1 23
31 5 12 16 8 0 20
31 5 12 17 8 0 20
31 5 13 18 9 0 20
31 5 13 19 9 0 20
31 5 12 16 8 0 21
31 5 12 17 8 0 21
31 5 13 18 9 0 21
31 5 13 19 9 0 21
31 5 12 16 8 1 22
31 5 12 17 8 1 22
31 5 13 18 9 1 22
31 5 13 19 9 1 22
31 5 12 16 8 1 23
31 5 12 17 8 1 23
31 5 13 18 9 1 23
31 5 13 19 9 1 23
28 4 12 16 10 2 24
28 4 12 17 10 2 24
28 4 13 18 11 2 24
28 4 13 19 11 2 24
28 4 12 16 10 2 25
28 4 12 17 10 2 25
28 4 13 18 11 2 25
28 4 13 19 11 2 25
28 4 12 16 10 3 26
28 4 12 17 10 3 26
28 4 13 18 11 3 26
28 4 13 19 11 3 26
28 4 12 16 10 3 27
28 4 12 17 10 3 27
28 4 13 18 11 3 27
28 4 13 19 11 3 27
29 4 12 16 10 2 24
29 4 12 17 10 2 24
29 4 13 18 11 2 24
29 4 13 19 11 2 24
29 4 12 16 10 2 25
29 4 12 17 10 2 25
29 4 13 18 11 2 25
29 4 13 19 11 2 25
29 4 12 16 10 3 26
29 4 12 17 10 3 26
29 4 13 18 11 3 26
29 4 13 19 11 3 26
29 4 12 16 10 3 27
29 4 12 17 10 3 27
29 4 13 18 11 3 27
29 4 13 19 11 3 27
30 5 12 16 10 2 24
30 5 12 17 10 2 24
30 5 13 18 11 2 24
30 5 13 19 11 2 24
30 5 12 16 10 2 25
30 5 12 17 10 2 25
30 5 13 18 11 2 25
30 5 13 19 11 2 25
30 5 12 16 10 3 26
30 5 12 17 10 3 26
30 5 13 18 11 3 26
30 5 13 19 11 3 26
30 5 12 16 10 3 27
30 5 12 17 10 3 27
30 5 13 18 11 3 27
30 5 13 19 11 3 27
31 5 12 16 10 2 24
31 5 12 17 10 2 24
31 5 13 18 11 2 24
31 5 13 19 11 2 24
31 5 12 16 10 2 25
31 5 12 17 10 2 25
31 5 13 18 11 2 25
31 5 13 19 11 2 25
31 5 12 16 10 3 26
31 5 12 17 10 3 26
31 5 13 18 11 3 26
31 5 13 19 11 3 26
31 5 12 16 10 3 27
31 5 12 17 10 3 27
31 5 13 18 11 3 27
31 5 13 19 11 3 27
28 4 12 16 14 6 32
28 4 12 17 14 6 32
28 4 13 18 15 6 32
28 4 13 19 15 6 32
28 4 12 16 14 6 33
28 4 12 17 14 6 33
28 4 13 18 15 6 33
28 4 13 19 15 6 33
28 4 12 16 14 7 34
28 4 12 17 14 7 34
28 4 13 18 15 7 34
28 4 13 19 15 7 34
28 4 12 16 14 7 35
28 4 12 17 14 7 35
28 4 13 18 15 7 35
28 4 13 19 15 7 35
29 4 12 16 14 6 32
29 4 12 17 14 6 32
29 4 13 18 15 6 32
29 4 13 19 15 6 32
29 4 12 16 14 6 33
29 4 12 17 14 6 33
29 4 13 18 15 6 33
29 4 13 19 15 6 33
29 4 12 16 14 7 34
29 4 12 17 14 7 34
29 4 13 18 15 7 34
29 4 13 19 15 7 34
29 4 12 16 14 7 35
29 4 12 17 14 7 35
29 4 13 18 15 7 35
29 4 13 19 15 7 35
30 5 12 16 14 6 32
30 5 12 17 14 6 32
30 5 13 18 15 6 32
30 5 13 19 15 6 32
30 5 12 16 14 6 33
30 5 12 17 14 6 33
30 5 13 18 15 6 33
30 5 13 19 15 6 33
30 5 12 16 14 7 34
30 5 12 17 14 7 34
30 5 13 18 15 7 34
30 5 13 19 15 7 34
30 5 12 16 14 7 35
30 5 12 17 14 7 35
30 5 13 18 15 7 35
30 5 13 19 15 7 35
31 5 12 16 14 6 32
31 5 12 17 14 6 32
31 5 13 18 15 6 32
31 5 13 19 15 6 32
31 5 12 16 14 6 33
31 5 12 17 14 6 33
31 5 13 18 15 6 33
31 5 13 19 15 6 33
31 5 12 16 14 7 34
31 5 12 17 14 7 34
31 5 13 18 15 7 34
31 5 13 19 15 7 34
31 5 12 16 14 7 35
31 5 12 17 14 7 35
31 5 13 18 15 7 35
31 5 13 19 15 7 35
32 6 14 16 8 0 20
32 6 14 17 8 0 20
32 6 15 18 9 0 20
32 6 15 19 9 0 20
32 6 14 16 8 0 21
32 6 14 17 8 0 21
32 6 15 18 9 0 21
32 6 15 19 9 0 21
32 6 14 16 8 1 22
32 6 14 17 8 1 22
32 6 15 18 9 1 22
32 6 15 19 9 1 22
32 6 14 16 8 1 23
32 6 14 17 8 1 23
32 6 15 18 9 1 23
32 6 15 19 9 1 23
33 6 14 16 8 0 20
33 6 14 17 8 0 20
33 6 15 18 9 0 20
33 6 15 19 9 0 20
33 6 14 16 8 0 21
33 6 14 17 8 0 21
33 6 15 18 9 0 21
33 6 15 19 9 0 21
33 6 14 16 8 1 22
33 6 14 17 8 1 22
33 6 15 18 9 1 22
33 6 15 19 9 1 22
33 6 14 16 8 1 23
33 6 14 17 8 1 23
33 6 15 18 9 1 23
33 6 15 19 9 1 23
34 7 14 16 8 0 20
34 7 14 17 8 0 20
34 7 15 18 9 0 20
34 7 15 19 9 0 20
34 7 14 16 8 0 21
34 7 14 17 8 0 21
34 7 15 18 9 0 21
34 7 15 19 9 0 21
34 7 14 16 8 1 22
34 7 14 17 8 1 22
34 7 15 18 9 1 22
34 7 15 19 9 1 22
34 7 14 16 8 1 23
34 7 14 17 8 1 23
34 7 15 18 9 1 23
34 7 15 19 9 1 23
35 7 14 16 8 0 20
35 7 14 17 8 0 20
35 7 15 18 9 0 20
35 7 15 19 9 0 20
35 7 14 16 8 0 21
35 7 14 17 8 0 21
35 7 15 18 9 0 21
35 7 15 19 9 0 21
35 7 14 16 8 1 22
35 7 14 17 8 1 22
35 7 15 18 9 1 22
35 7 15 19 9 1 22
35 7 14 16 8 1 23
35 7 14 17 8 1 23
35 7 15 18 9 1 23
35 7 15 19 9 1 23
32 6 14 16 10 2 24
32 6 14 17 10 2 24
32 6 15 18 11 2 24
32 6 15 19 11 2 24
32 6 14 16 10 2 25
32 6 14 17 10 2 25
32 6 15 18 11 2 25
32 6 15 19 11 2 25
32 6 14 16 10 3 26
32 6 14 17 10 3 26
32 6 15 18 11 3 26
32 6 15 19 11 3 26
32 6 14 16 10 3 27
32 6 14 17 10 3 27
32 6 15 18 11 3 27
32 6 15 19 11 3 27
33 6 14 16 10 2 24
33 6 14 17 10 2 24
33 6 15 18 11 2 24
33 6 15 19 11 2 24
33 6 14 16 10 2 25
33 6 14 17 10 2 25
33 6 15 18 11 2 25
33 6 15 19 11 2 25
33 6 14 16 10 3 26
33 6 14 17 10 3 26
33 6 15 18 11 3 26
33 6 15 19 11 3 26
33 6 14 16 10 3 27
33 6 14 17 10 3 27
33 6 15 18 11 3 27
33 6 15 19 11 3 27
34 7 14 16 10 2 24
34 7 14 17 10 2 24
34 7 15 18 11 2 24
34 7 15 19 11 2 24
34 7 14 16 10 2 25
34 7 14 17 10 2 25
34 7 15 18 11 2 25
34 7 15 19 11 2 25
34 7 14 16 10 3 26
34 7 14 17 10 3 26
34 7 15 18 11 3 26
34 7 15 19 11 3 26
34 7 14 16 10 3 27
34 7 14 17 10 3 27
34 7 15 18 11 3 27
34 7 15 19 11 3 27
35 7 14 16 10 2 24
35 7 14 17 10 2 24
35 7 15 18 11 2 24
35 7 15 19 11 2 24
35 7 14 16 10 2 25
35 7 14 17 10 2 25
35 7 15 18 11 2 25
35 7 15 19 11 2 25
35 7 14 16 10 3 26
35 7 14 17 10 3 26
35 7 15 18 11 3 26
35 7 15 19 11 3 26
35 7 14 16 10 3 27
35 7 14 17 10 3 27
35 7 15 18 11 3 27
35 7 15 19 11 3 27
32 6 14 16 12 4 28
32 6 14 17 12 4 28
32 6 15 18 13 4 28
32 6 15 19 13 4 28
32 6 14 16 12 4 29
32 6 14 17 12 4 29
32 6 15 18 13 4 29
32 6 15 19 13 4 29
32 6 14 16 12 5 30
32 6 14 17 12 5 30
32 6 15 18 13 5 30
32 6 15 19 13 5 30
32 6 14 16 12 5 31
32 6 14 17 12 5 31
32 6 15 18 13 5 31
32 6 15 19 13 5 31
33 6 14 16 12 4 28
33 6 14 17 12 4 28
33 6 15 18 13 4 28
33 6 15 19 13 4 28
33 6 14 16 12 4 29
33 6 14 17 12 4 29
33 6 15 18 13 4 29
33 6 15 19 13 4 29
33 6 14 16 12 5 30
33 6 14 17 12 5 30
33 6 15 18 13 5 30
33 6 15 19 13 5 30
33 6 14 16 12 5 31
33 6 14 17 12 5 31
33 6 15 18 13 5 31
33 6 15 19 13 5 31
34 7 14 16 12 4 28
34 7 14 17 12 4 28
34 7 15 18 13 4 28
34 7 15 19 13 4 28
34 7 14 16 12 4 29
34 7 14 17 12 4 29
34 7 15 18 13 4 29
34 7 15 19 13 4 29
34 7 14 16 12 5 30
34 7 14 17 12 5 30
34 7 15 18 13 5 30
34 7 15 19 13 5 30
34 7 14 16 12 5 31
34 7 14 17 12 5 31
34 7 15 18 13 5 31
34 7 15 19 13 5 31
35 7 14 16 12 4 28
35 7 14 17 12 4 28
35 7 15 18 13 4 28
35 7 15 19 13 4 28
35 7 14 16 12 4 29
35 7 14 17 12 4 29
35 7 15 18 13 4 29
35 7 15 19 13 4 29
35 7 14 16 12 5 30
35 7 14 17 12 5 30
35 7 15 18 13 5 30
35 7 15 19 13 5 30
35 7 14 16 12 5 31
35 7 14 17 12 5 31
35 7 15 18 13 5 31
35 7 15 19 13 5 31
