 10 0 1 11
 10 0 2 12
 10 0 2 3 13
 10 0 2 4 14
 10 0 2 3 5 15
 10 0 1 6 16
 10 0 8 7 17
 10 0 8 18
 10 0 9 19
 11 1 0 10
 11 1 2 12
 11 1 2 3 13
 11 1 2 4 14
 11 1 6 5 15
 11 1 6 16
 11 1 6 7 17
 11 1 0 8 18
 11 1 9 19
 12 2 0 10
 12 2 1 11
 12 2 3 13
 12 2 4 14
 12 2 3 5 15
 12 2 1 6 16
 12 2 4 7 17
 12 2 0 8 18
 12 2 1 9 19
 13 3 2 0 10
 13 3 2 1 11
 13 3 2 12
 13 3 4 14
 13 3 5 15
 13 3 6 16
 13 3 5 7 17
 13 3 2 0 8 18
 13 3 2 1 9 19
 14 4 2 0 10
 14 4 2 1 11
 14 4 2 12
 14 4 3 13
 14 4 5 15
 14 4 3 6 16
 14 4 7 17
 14 4 7 8 18
 14 4 2 1 9 19
 15 5 6 1 0 10
 15 5 6 1 11
 15 5 3 2 12
 15 5 3 13
 15 5 4 14
 15 5 6 16
 15 5 7 17
 15 5 7 8 18
 15 5 6 1 9 19
 16 6 1 0 10
 16 6 1 11
 16 6 1 2 12
 16 6 3 13
 16 6 3 4 14
 16 6 5 15
 16 6 7 17
 16 6 7 8 18
 16 6 1 9 19
 17 7 8 0 10
 17 7 6 1 11
 17 7 4 2 12
 17 7 5 3 13
 17 7 4 14
 17 7 5 15
 17 7 6 16
 17 7 8 18
 17 7 8 9 19
 18 8 0 10
 18 8 0 1 11
 18 8 0 2 12
 18 8 0 2 3 13
 18 8 7 4 14
 18 8 7 5 15
 18 8 7 6 16
 18 8 7 17
 18 8 9 19
 19 9 0 10
 19 9 1 11
 19 9 1 2 12
 19 9 1 2 3 13
 19 9 1 2 4 14
 19 9 8 7 5 15
 19 9 1 6 16
 19 9 8 7 17
 19 9 8 18
