0 16 1
0 16 1
0 16 2
0 16 2
0 16 3
0 16 3
0 20 4
0 20 4
0 16 1 21 5
0 20 4 17 5
0 16 2 22 6
0 20 4 17 6
0 16 3 23 7
0 20 4 17 7
0 20 8
0 20 8
0 16 1 21 9
0 20 8 18 9
0 16 2 22 10
0 20 8 18 10
0 16 3 23 11
0 20 8 18 11
0 20 12
0 20 12
0 16 1 21 13
0 20 12 19 13
0 16 2 22 14
0 20 12 19 14
0 16 3 23 15
0 20 12 19 15
1 16 0
1 16 0
1 16 2
1 16 2
1 16 3
1 16 3
1 16 0 20 4
1 21 5 17 4
1 21 5
1 21 5
1 16 2 22 6
1 21 5 17 6
1 16 3 23 7
1 21 5 17 7
1 16 0 20 8
1 21 9 18 8
1 21 9
1 21 9
1 16 2 22 10
1 21 9 18 10
1 16 3 23 11
1 21 9 18 11
1 16 0 20 12
1 21 13 19 12
1 21 13
1 21 13
1 16 2 22 14
1 21 13 19 14
1 16 3 23 15
1 21 13 19 15
2 16 0
2 16 0
2 16 1
2 16 1
2 16 3
2 16 3
2 16 0 20 4
2 22 6 17 4
2 16 1 21 5
2 22 6 17 5
2 22 6
2 22 6
2 16 3 23 7
2 22 6 17 7
2 16 0 20 8
2 22 10 18 8
2 16 1 21 9
2 22 10 18 9
2 22 10
2 22 10
2 16 3 23 11
2 22 10 18 11
2 16 0 20 12
2 22 14 19 12
2 16 1 21 13
2 22 14 19 13
2 22 14
2 22 14
2 16 3 23 15
2 22 14 19 15
3 16 0
3 16 0
3 16 1
3 16 1
3 16 2
3 16 2
3 16 0 20 4
3 23 7 17 4
3 16 1 21 5
3 23 7 17 5
3 16 2 22 6
3 23 7 17 6
3 23 7
3 23 7
3 16 0 20 8
3 23 11 18 8
3 16 1 21 9
3 23 11 18 9
3 16 2 22 10
3 23 11 18 10
3 23 11
3 23 11
3 16 0 20 12
3 23 15 19 12
3 16 1 21 13
3 23 15 19 13
3 16 2 22 14
3 23 15 19 14
3 23 15
3 23 15
4 20 0
4 20 0
4 17 5 21 1
4 20 0 16 1
4 17 6 22 2
4 20 0 16 2
4 17 7 23 3
4 20 0 16 3
4 17 5
4 17 5
4 17 6
4 17 6
4 17 7
4 17 7
4 20 8
4 20 8
4 17 5 21 9
4 20 8 18 9
4 17 6 22 10
4 20 8 18 10
4 17 7 23 11
4 20 8 18 11
4 20 12
4 20 12
4 17 5 21 13
4 20 12 19 13
4 17 6 22 14
4 20 12 19 14
4 17 7 23 15
4 20 12 19 15
5 17 4 20 0
5 21 1 16 0
5 21 1
5 21 1
5 17 6 22 2
5 21 1 16 2
5 17 7 23 3
5 21 1 16 3
5 17 4
5 17 4
5 17 6
5 17 6
5 17 7
5 17 7
5 17 4 20 8
5 21 9 18 8
5 21 9
5 21 9
5 17 6 22 10
5 21 9 18 10
5 17 7 23 11
5 21 9 18 11
5 17 4 20 12
5 21 13 19 12
5 21 13
5 21 13
5 17 6 22 14
5 21 13 19 14
5 17 7 23 15
5 21 13 19 15
6 17 4 20 0
6 22 2 16 0
6 17 5 21 1
6 22 2 16 1
6 22 2
6 22 2
6 17 7 23 3
6 22 2 16 3
6 17 4
6 17 4
6 17 5
6 17 5
6 17 7
6 17 7
6 17 4 20 8
6 22 10 18 8
6 17 5 21 9
6 22 10 18 9
6 22 10
6 22 10
6 17 7 23 11
6 22 10 18 11
6 17 4 20 12
6 22 14 19 12
6 17 5 21 13
6 22 14 19 13
6 22 14
6 22 14
6 17 7 23 15
6 22 14 19 15
7 17 4 20 0
7 23 3 16 0
7 17 5 21 1
7 23 3 16 1
7 17 6 22 2
7 23 3 16 2
7 23 3
7 23 3
7 17 4
7 17 4
7 17 5
7 17 5
7 17 6
7 17 6
7 17 4 20 8
7 23 11 18 8
7 17 5 21 9
7 23 11 18 9
7 17 6 22 10
7 23 11 18 10
7 23 11
7 23 11
7 17 4 20 12
7 23 15 19 12
7 17 5 21 13
7 23 15 19 13
7 17 6 22 14
7 23 15 19 14
7 23 15
7 23 15
8 20 0
8 20 0
8 18 9 21 1
8 20 0 16 1
8 18 10 22 2
8 20 0 16 2
8 18 11 23 3
8 20 0 16 3
8 20 4
8 20 4
8 18 9 21 5
8 20 4 17 5
8 18 10 22 6
8 20 4 17 6
8 18 11 23 7
8 20 4 17 7
8 18 9
8 18 9
8 18 10
8 18 10
8 18 11
8 18 11
8 20 12
8 20 12
8 18 9 21 13
8 20 12 19 13
8 18 10 22 14
8 20 12 19 14
8 18 11 23 15
8 20 12 19 15
9 18 8 20 0
9 21 1 16 0
9 21 1
9 21 1
9 18 10 22 2
9 21 1 16 2
9 18 11 23 3
9 21 1 16 3
9 18 8 20 4
9 21 5 17 4
9 21 5
9 21 5
9 18 10 22 6
9 21 5 17 6
9 18 11 23 7
9 21 5 17 7
9 18 8
9 18 8
9 18 10
9 18 10
9 18 11
9 18 11
9 18 8 20 12
9 21 13 19 12
9 21 13
9 21 13
9 18 10 22 14
9 21 13 19 14
9 18 11 23 15
9 21 13 19 15
10 18 8 20 0
10 22 2 16 0
10 18 9 21 1
10 22 2 16 1
10 22 2
10 22 2
10 18 11 23 3
10 22 2 16 3
10 18 8 20 4
10 22 6 17 4
10 18 9 21 5
10 22 6 17 5
10 22 6
10 22 6
10 18 11 23 7
10 22 6 17 7
10 18 8
10 18 8
10 18 9
10 18 9
10 18 11
10 18 11
10 18 8 20 12
10 22 14 19 12
10 18 9 21 13
10 22 14 19 13
10 22 14
10 22 14
10 18 11 23 15
10 22 14 19 15
11 18 8 20 0
11 23 3 16 0
11 18 9 21 1
11 23 3 16 1
11 18 10 22 2
11 23 3 16 2
11 23 3
11 23 3
11 18 8 20 4
11 23 7 17 4
11 18 9 21 5
11 23 7 17 5
11 18 10 22 6
11 23 7 17 6
11 23 7
11 23 7
11 18 8
11 18 8
11 18 9
11 18 9
11 18 10
11 18 10
11 18 8 20 12
11 23 15 19 12
11 18 9 21 13
11 23 15 19 13
11 18 10 22 14
11 23 15 19 14
11 23 15
11 23 15
12 20 0
12 20 0
12 19 13 21 1
12 20 0 16 1
12 19 14 22 2
12 20 0 16 2
12 19 15 23 3
12 20 0 16 3
12 20 4
12 20 4
12 19 13 21 5
12 20 4 17 5
12 19 14 22 6
12 20 4 17 6
12 19 15 23 7
12 20 4 17 7
12 20 8
12 20 8
12 19 13 21 9
12 20 8 18 9
12 19 14 22 10
12 20 8 18 10
12 19 15 23 11
12 20 8 18 11
12 19 13
12 19 13
12 19 14
12 19 14
12 19 15
12 19 15
13 19 12 20 0
13 21 1 16 0
13 21 1
13 21 1
13 19 14 22 2
13 21 1 16 2
13 19 15 23 3
13 21 1 16 3
13 19 12 20 4
13 21 5 17 4
13 21 5
13 21 5
13 19 14 22 6
13 21 5 17 6
13 19 15 23 7
13 21 5 17 7
13 19 12 20 8
13 21 9 18 8
13 21 9
13 21 9
13 19 14 22 10
13 21 9 18 10
13 19 15 23 11
13 21 9 18 11
13 19 12
13 19 12
13 19 14
13 19 14
13 19 15
13 19 15
14 19 12 20 0
14 22 2 16 0
14 19 13 21 1
14 22 2 16 1
14 22 2
14 22 2
14 19 15 23 3
14 22 2 16 3
14 19 12 20 4
14 22 6 17 4
14 19 13 21 5
14 22 6 17 5
14 22 6
14 22 6
14 19 15 23 7
14 22 6 17 7
14 19 12 20 8
14 22 10 18 8
14 19 13 21 9
14 22 10 18 9
14 22 10
14 22 10
14 19 15 23 11
14 22 10 18 11
14 19 12
14 19 12
14 19 13
14 19 13
14 19 15
14 19 15
15 19 12 20 0
15 23 3 16 0
15 19 13 21 1
15 23 3 16 1
15 19 14 22 2
15 23 3 16 2
15 23 3
15 23 3
15 19 12 20 4
15 23 7 17 4
15 19 13 21 5
15 23 7 17 5
15 19 14 22 6
15 23 7 17 6
15 23 7
15 23 7
15 19 12 20 8
15 23 11 18 8
15 19 13 21 9
15 23 11 18 9
15 19 14 22 10
15 23 11 18 10
15 23 11
15 23 11
15 19 12
15 19 12
15 19 13
15 19 13
15 19 14
15 19 14
