10 4 2 1 3 250 11
10 4 2 2 5 420 20
10 4 2 3 5 420 20
10 4 2 4 5 420 20
10 6 4 1 2 183 10
10 6 4 2 2 221 13
10 6 4 4 3 264 17
10 6 4 8 3 291 18
10 6 4 16 3 337 22
10 8 6 1 2 176 11
10 8 6 2 2 217 15
10 8 6 4 2 258 18
10 8 6 8 2 285 20
10 8 6 16 3 340 25
10 8 6 32 3 362 26
20 4 2 1 6 900 21
20 4 2 2 10 1600 40
20 4 2 3 10 1600 40
20 4 2 4 10 1600 40
20 8 6 1 2 495 17
20 8 6 2 3 553 19
20 8 6 4 3 626 23
20 8 6 8 3 705 27
20 8 6 16 3 767 30
20 8 6 32 3 857 32
20 12 10 1 2 485 18
20 12 10 2 2 564 22
20 12 10 4 2 689 27
20 12 10 8 2 753 30
20 12 10 16 2 812 32
20 12 10 32 3 899 37
20 16 14 1 2 523 20
20 16 14 2 2 580 23
20 16 14 4 2 679 30
20 16 14 8 2 826 34
20 16 14 16 2 882 37
20 16 14 32 2 969 41
20 16 14 64 2 1041 44
50 4 2 1 13 5250 51
50 4 2 2 25 10100 100
50 4 2 3 25 10100 100
50 4 2 4 25 10100 100
50 8 6 1 3 1574 22
50 8 6 2 3 1732 25
50 8 6 4 3 1924 29
50 8 6 8 3 2048 32
50 8 6 16 3 2250 32
50 8 6 32 3 2297 34
50 16 14 1 2 1806 30
50 16 14 2 2 2088 36
50 16 14 4 2 2376 41
50 16 14 8 2 2586 44
50 16 14 16 3 2681 47
50 16 14 32 3 2937 52
50 16 14 64 3 3272 56
50 32 30 1 2 2263 41
50 32 30 2 2 2438 44
50 32 30 4 2 2667 49
50 32 30 8 2 3145 61
50 32 30 16 2 3786 70
50 32 30 32 2 4058 75
50 32 30 64 2 2663 52
50 32 30 128 100 4 2 1 100 4 2 2 100 4 2 3 100 4 2 4 100 8 6 1 100 8 6 2 100 8 6 4 100 8 6 8 100 8 6 16 100 8 6 32 100 16 14 1 100 16 14 2 100 16 14 4 100 16 14 8 100 16 14 16 100 16 14 32 100 16 14 64 100 32 30 1 100 32 30 2 100 32 30 4 100 32 30 8 100 32 30 16 100 32 30 32 100 32 30 64 100 64 62 1 100 64 62 2 100 64 62 4 100 64 62 8 100 64 62 16 100 64 62 32 100 64 62 64 200 4 2 1 200 4 2 2 200 4 2 3 200 4 2 4 200 8 6 1 200 8 6 2 200 8 6 4 200 8 6 8 200 8 6 16 200 8 6 32 200 16 14 1 200 16 14 2 200 16 14 4 200 16 14 8 200 16 14 16 200 16 14 32 200 16 14 64 200 32 30 1 200 32 30 2 200 32 30 4 200 32 30 8 200 32 30 16 200 32 30 32 200 32 30 64 200 64 62 1 200 64 62 2 200 64 62 4 200 64 62 8 200 64 62 16 200 64 62 32 200 64 62 64 